-716.81
-1425.55
-2126.26
-2818.94
-3503.63
-4180.34
-4849.09
-5509.92
-6162.85
-6807.9
-7445.12
-8074.53
-8696.18
-9310.11
-9916.35
-10515
-11106
-11689.4
-12265.4
-12834
-13395.1
-13949
-14495.6
-15034.9
-15567.2
-16092.3
-16610.4
-17121.6
-17625.9
-18123.4
-18614.2
-19098.3
-19575.8
-20046.7
-20511.3
-20969.4
-21421.2
-21866.8
-22306.3
-22739.7
-23167
-23588.5
-24004.1
-24413.9
-24818.1
-25216.6
-25609.6
-25997.1
-26379.2
-26756
-27127.6
-27494
-27855.3
-28211.6
-28562.9
-28909.4
-29251.1
-29588.1
-29920.4
-30248.1
-30571.3
-30890.1
-31204.5
-31514.6
-31820.4
-32122.1
-32419.6
-32713.1
-33002.6
-33288.3
-33570
-33848
-34122.2
-34392.7
-34659.7
-34923.1
-35182.9
-35439.4
-35692.4
-35942.1
-36188.6
-36431.8
-36671.8
-36908.7
-37142.6
-37373.4
-37601.2
-37826.1
-38048.2
-38267.4
-38483.8
-38697.5
-38908.5
-39116.8
-39322.5
-39525.7
-39726.3
-39924.5
-40120.2
-40313.5
-40504.4
-40693
-40879.3
-41063.3
